[
  [0.000 0.000 0.002 0.011 0.003 0.002 0.002 0.001 0.011 0.000 0.003 0.005 0.484 0.254 0.059 0.013 0.099 0.023 0.008 0.008 0.005 0.003 0.006],
  [0.104 0.000 0.008 0.000 0.008 0.008 0.000 0.008 0.000 0.008 0.000 0.000 0.416 0.192 0.040 0.000 0.152 0.008 0.024 0.024 0.000 0.000 0.000],
  [0.700 0.000 0.000 0.000 0.000 0.000 0.000 0.000 0.000 0.000 0.000 0.000 0.100 0.000 0.000 0.000 0.050 0.000 0.100 0.050 0.000 0.000 0.000],
  [0.060 0.000 0.000 0.000 0.000 0.000 0.000 0.000 0.000 0.000 0.000 0.030 0.493 0.134 0.090 0.000 0.075 0.000 0.045 0.060 0.015 0.000 0.000],
  [0.013 0.000 0.000 0.000 0.000 0.094 0.000 0.134 0.000 0.000 0.040 0.000 0.278 0.074 0.027 0.000 0.294 0.040 0.003 0.000 0.000 0.003 0.000],
  [0.084 0.000 0.003 0.000 0.057 0.000 0.000 0.035 0.000 0.000 0.171 0.000 0.154 0.149 0.136 0.000 0.033 0.163 0.000 0.005 0.000 0.005 0.005],
  [0.417 0.000 0.000 0.000 0.000 0.000 0.000 0.000 0.000 0.000 0.000 0.000 0.125 0.042 0.021 0.000 0.042 0.000 0.333 0.000 0.000 0.000 0.021],
  [0.137 0.000 0.000 0.004 0.230 0.000 0.000 0.000 0.004 0.000 0.000 0.015 0.185 0.126 0.004 0.000 0.230 0.044 0.000 0.000 0.000 0.000 0.022],
  [0.325 0.000 0.000 0.024 0.024 0.000 0.000 0.000 0.000 0.145 0.000 0.108 0.072 0.000 0.000 0.000 0.000 0.000 0.205 0.000 0.012 0.000 0.084],
  [0.034 0.000 0.000 0.000 0.000 0.000 0.000 0.000 0.103 0.000 0.000 0.000 0.379 0.207 0.000 0.000 0.103 0.000 0.000 0.034 0.103 0.034 0.000],
  [0.197 0.000 0.000 0.000 0.048 0.232 0.000 0.003 0.000 0.000 0.000 0.000 0.124 0.013 0.108 0.000 0.207 0.022 0.003 0.032 0.000 0.000 0.010],
  [0.022 0.022 0.000 0.000 0.000 0.000 0.089 0.000 0.000 0.000 0.000 0.000 0.089 0.022 0.022 0.022 0.622 0.000 0.000 0.000 0.022 0.067],
  [0.262 0.045 0.001 0.017 0.068 0.043 0.008 0.026 0.011 0.007 0.046 0.016 0.000 0.049 0.036 0.017 0.155 0.073 0.027 0.064 0.015 0.002 0.012],
  [0.214 0.023 0.003 0.001 0.010 0.080 0.001 0.017 0.004 0.001 0.011 0.006 0.085 0.000 0.086 0.063 0.168 0.154 0.042 0.007 0.001 0.000 0.023],
  [0.230 0.030 0.000 0.033 0.082 0.054 0.000 0.033 0.003 0.003 0.082 0.000 0.127 0.148 0.000 0.000 0.076 0.033 0.030 0.021 0.000 0.000 0.015],
  [0.474 0.021 0.032 0.042 0.042 0.000 0.000 0.137 0.021 0.011 0.000 0.000 0.032 0.063 0.021 0.000 0.053 0.011 0.042 0.000 0.000 0.000 0.000],
  [0.158 0.034 0.009 0.006 0.018 0.147 0.019 0.014 0.001 0.000 0.172 0.000 0.157 0.141 0.025 0.018 0.000 0.023 0.020 0.009 0.009 0.008 0.011],
  [0.163 0.012 0.003 0.000 0.148 0.055 0.000 0.381 0.000 0.000 0.009 0.000 0.052 0.078 0.015 0.000 0.073 0.000 0.006 0.000 0.003 0.000 0.003],
  [0.053 0.053 0.013 0.047 0.013 0.000 0.013 0.000 0.293 0.033 0.000 0.000 0.247 0.120 0.053 0.007 0.040 0.000 0.000 0.000 0.000 0.000 0.013],
  [0.098 0.015 0.000 0.000 0.008 0.000 0.000 0.000 0.000 0.000 0.000 0.008 0.466 0.090 0.143 0.000 0.083 0.008 0.030 0.000 0.015 0.030 0.008],
  [0.170 0.000 0.000 0.019 0.000 0.000 0.000 0.000 0.057 0.000 0.038 0.000 0.264 0.019 0.094 0.000 0.189 0.000 0.000 0.057 0.000 0.075 0.019],
  [0.000 0.000 0.000 0.083 0.042 0.000 0.000 0.083 0.000 0.000 0.000 0.000 0.042 0.000 0.000 0.000 0.042 0.000 0.000 0.125 0.583 0.000 0.000],
  [0.052 0.000 0.000 0.013 0.078 0.052 0.182 0.039 0.013 0.000 0.052 0.000 0.195 0.130 0.013 0.000 0.169 0.000 0.000 0.013 0.000 0.000 0.000]
]
